
--------------------
 2 6 1
 7 4 3 cost = 0 + 13 = 13
 8 0 5
   |  
   |  
   |  
   V  
 2 6 1
 7 4 3 cost = 1 + 12 = 13
 0 8 5
   |  
   |  
   |  
   V  
 2 6 1
 0 4 3 cost = 2 + 11 = 13
 7 8 5
   |  
   |  
   |  
   V  
 2 6 1
 4 0 3 cost = 3 + 12 = 15
 7 8 5
   |  
   |  
   |  
   V  
 2 0 1
 4 6 3 cost = 4 + 11 = 15
 7 8 5
   |  
   |  
   |  
   V  
 0 2 1
 4 6 3 cost = 5 + 10 = 15
 7 8 5
   |  
   |  
   |  
   V  
 4 2 1
 0 6 3 cost = 6 + 11 = 17
 7 8 5
   |  
   |  
   |  
   V  
 4 2 1
 6 0 3 cost = 7 + 10 = 17
 7 8 5
   |  
   |  
   |  
   V  
 4 2 1
 6 3 0 cost = 8 + 9 = 17
 7 8 5
   |  
   |  
   |  
   V  
 4 2 0
 6 3 1 cost = 9 + 10 = 19
 7 8 5
   |  
   |  
   |  
   V  
 4 0 2
 6 3 1 cost = 10 + 9 = 19
 7 8 5
   |  
   |  
   |  
   V  
 4 3 2
 6 0 1 cost = 11 + 10 = 21
 7 8 5
   |  
   |  
   |  
   V  
 4 3 2
 6 1 0 cost = 12 + 9 = 21
 7 8 5
   |  
   |  
   |  
   V  
 4 3 2
 6 1 5 cost = 13 + 8 = 21
 7 8 0
   |  
   |  
   |  
   V  
 4 3 2
 6 1 5 cost = 14 + 7 = 21
 7 0 8
   |  
   |  
   |  
   V  
 4 3 2
 6 1 5 cost = 15 + 6 = 21
 0 7 8
   |  
   |  
   |  
   V  
 4 3 2
 0 1 5 cost = 16 + 5 = 21
 6 7 8
   |  
   |  
   |  
   V  
 0 3 2
 4 1 5 cost = 17 + 4 = 21
 6 7 8
   |  
   |  
   |  
   V  
 3 0 2
 4 1 5 cost = 18 + 3 = 21
 6 7 8
   |  
   |  
   |  
   V  
 3 1 2
 4 0 5 cost = 19 + 2 = 21
 6 7 8
   |  
   |  
   |  
   V  
 3 1 2
 0 4 5 cost = 20 + 1 = 21
 6 7 8
   |  
   |  
   |  
   V  
 0 1 2
 3 4 5 cost = 21 + 0 = 21
 6 7 8
--------------------


--------------------
 8 7 4
 3 5 2 cost = 0 + 14 = 14
 0 6 1
   |  
   |  
   |  
   V  
 8 7 4
 3 5 2 cost = 1 + 13 = 14
 6 0 1
   |  
   |  
   |  
   V  
 8 7 4
 3 0 2 cost = 2 + 14 = 16
 6 5 1
   |  
   |  
   |  
   V  
 8 0 4
 3 7 2 cost = 3 + 13 = 16
 6 5 1
   |  
   |  
   |  
   V  
 8 4 0
 3 7 2 cost = 4 + 12 = 16
 6 5 1
   |  
   |  
   |  
   V  
 8 4 2
 3 7 0 cost = 5 + 11 = 16
 6 5 1
   |  
   |  
   |  
   V  
 8 4 2
 3 7 1 cost = 6 + 10 = 16
 6 5 0
   |  
   |  
   |  
   V  
 8 4 2
 3 7 1 cost = 7 + 9 = 16
 6 0 5
   |  
   |  
   |  
   V  
 8 4 2
 3 0 1 cost = 8 + 8 = 16
 6 7 5
   |  
   |  
   |  
   V  
 8 4 2
 0 3 1 cost = 9 + 9 = 18
 6 7 5
   |  
   |  
   |  
   V  
 0 4 2
 8 3 1 cost = 10 + 8 = 18
 6 7 5
   |  
   |  
   |  
   V  
 4 0 2
 8 3 1 cost = 11 + 9 = 20
 6 7 5
   |  
   |  
   |  
   V  
 4 3 2
 8 0 1 cost = 12 + 10 = 22
 6 7 5
   |  
   |  
   |  
   V  
 4 3 2
 0 8 1 cost = 13 + 9 = 22
 6 7 5
   |  
   |  
   |  
   V  
 4 3 2
 6 8 1 cost = 14 + 10 = 24
 0 7 5
   |  
   |  
   |  
   V  
 4 3 2
 6 8 1 cost = 15 + 11 = 26
 7 0 5
   |  
   |  
   |  
   V  
 4 3 2
 6 0 1 cost = 16 + 10 = 26
 7 8 5
   |  
   |  
   |  
   V  
 4 3 2
 6 1 0 cost = 17 + 9 = 26
 7 8 5
   |  
   |  
   |  
   V  
 4 3 2
 6 1 5 cost = 18 + 8 = 26
 7 8 0
   |  
   |  
   |  
   V  
 4 3 2
 6 1 5 cost = 19 + 7 = 26
 7 0 8
   |  
   |  
   |  
   V  
 4 3 2
 6 1 5 cost = 20 + 6 = 26
 0 7 8
   |  
   |  
   |  
   V  
 4 3 2
 0 1 5 cost = 21 + 5 = 26
 6 7 8
   |  
   |  
   |  
   V  
 0 3 2
 4 1 5 cost = 22 + 4 = 26
 6 7 8
   |  
   |  
   |  
   V  
 3 0 2
 4 1 5 cost = 23 + 3 = 26
 6 7 8
   |  
   |  
   |  
   V  
 3 1 2
 4 0 5 cost = 24 + 2 = 26
 6 7 8
   |  
   |  
   |  
   V  
 3 1 2
 0 4 5 cost = 25 + 1 = 26
 6 7 8
   |  
   |  
   |  
   V  
 0 1 2
 3 4 5 cost = 26 + 0 = 26
 6 7 8
--------------------


--------------------
 3 0 1
 8 4 7 cost = 0 + 11 = 11
 6 5 2
   |  
   |  
   |  
   V  
 3 4 1
 8 0 7 cost = 1 + 12 = 13
 6 5 2
   |  
   |  
   |  
   V  
 3 4 1
 8 7 0 cost = 2 + 11 = 13
 6 5 2
   |  
   |  
   |  
   V  
 3 4 1
 8 7 2 cost = 3 + 10 = 13
 6 5 0
   |  
   |  
   |  
   V  
 3 4 1
 8 7 2 cost = 4 + 9 = 13
 6 0 5
   |  
   |  
   |  
   V  
 3 4 1
 8 0 2 cost = 5 + 8 = 13
 6 7 5
   |  
   |  
   |  
   V  
 3 4 1
 0 8 2 cost = 6 + 7 = 13
 6 7 5
   |  
   |  
   |  
   V  
 3 4 1
 6 8 2 cost = 7 + 8 = 15
 0 7 5
   |  
   |  
   |  
   V  
 3 4 1
 6 8 2 cost = 8 + 9 = 17
 7 0 5
   |  
   |  
   |  
   V  
 3 4 1
 6 0 2 cost = 9 + 8 = 17
 7 8 5
   |  
   |  
   |  
   V  
 3 0 1
 6 4 2 cost = 10 + 7 = 17
 7 8 5
   |  
   |  
   |  
   V  
 3 1 0
 6 4 2 cost = 11 + 6 = 17
 7 8 5
   |  
   |  
   |  
   V  
 3 1 2
 6 4 0 cost = 12 + 5 = 17
 7 8 5
   |  
   |  
   |  
   V  
 3 1 2
 6 4 5 cost = 13 + 4 = 17
 7 8 0
   |  
   |  
   |  
   V  
 3 1 2
 6 4 5 cost = 14 + 3 = 17
 7 0 8
   |  
   |  
   |  
   V  
 3 1 2
 6 4 5 cost = 15 + 2 = 17
 0 7 8
   |  
   |  
   |  
   V  
 3 1 2
 0 4 5 cost = 16 + 1 = 17
 6 7 8
   |  
   |  
   |  
   V  
 0 1 2
 3 4 5 cost = 17 + 0 = 17
 6 7 8
--------------------

