
--------------------
 1 2 7
 6 0 5 cost = 0 + 7 = 7
 8 4 3
   |  
   |  
   |  
   V  
 1 2 7
 6 4 5 cost = 1 + 6 = 7
 8 0 3
   |  
   |  
   |  
   V  
 1 2 7
 6 4 5 cost = 2 + 6 = 8
 8 3 0
   |  
   |  
   |  
   V  
 1 2 7
 6 4 0 cost = 3 + 7 = 10
 8 3 5
   |  
   |  
   |  
   V  
 1 2 0
 6 4 7 cost = 4 + 7 = 11
 8 3 5
   |  
   |  
   |  
   V  
 1 0 2
 6 4 7 cost = 5 + 6 = 11
 8 3 5
   |  
   |  
   |  
   V  
 1 4 2
 6 0 7 cost = 6 + 7 = 13
 8 3 5
   |  
   |  
   |  
   V  
 1 4 2
 6 3 7 cost = 7 + 7 = 14
 8 0 5
   |  
   |  
   |  
   V  
 1 4 2
 6 3 7 cost = 8 + 7 = 15
 0 8 5
   |  
   |  
   |  
   V  
 1 4 2
 0 3 7 cost = 9 + 6 = 15
 6 8 5
   |  
   |  
   |  
   V  
 1 4 2
 3 0 7 cost = 10 + 5 = 15
 6 8 5
   |  
   |  
   |  
   V  
 1 4 2
 3 7 0 cost = 11 + 5 = 16
 6 8 5
   |  
   |  
   |  
   V  
 1 4 2
 3 7 5 cost = 12 + 4 = 16
 6 8 0
   |  
   |  
   |  
   V  
 1 4 2
 3 7 5 cost = 13 + 3 = 16
 6 0 8
   |  
   |  
   |  
   V  
 1 4 2
 3 0 5 cost = 14 + 2 = 16
 6 7 8
   |  
   |  
   |  
   V  
 1 0 2
 3 4 5 cost = 15 + 1 = 16
 6 7 8
   |  
   |  
   |  
   V  
 0 1 2
 3 4 5 cost = 16 + 0 = 16
 6 7 8
--------------------


--------------------
 5 0 6
 8 2 4 cost = 0 + 8 = 8
 7 1 3
   |  
   |  
   |  
   V  
 5 6 0
 8 2 4 cost = 1 + 8 = 9
 7 1 3
   |  
   |  
   |  
   V  
 5 6 4
 8 2 0 cost = 2 + 8 = 10
 7 1 3
   |  
   |  
   |  
   V  
 5 6 4
 8 0 2 cost = 3 + 8 = 11
 7 1 3
   |  
   |  
   |  
   V  
 5 6 4
 0 8 2 cost = 4 + 8 = 12
 7 1 3
   |  
   |  
   |  
   V  
 0 6 4
 5 8 2 cost = 5 + 8 = 13
 7 1 3
   |  
   |  
   |  
   V  
 6 0 4
 5 8 2 cost = 6 + 8 = 14
 7 1 3
   |  
   |  
   |  
   V  
 6 4 0
 5 8 2 cost = 7 + 8 = 15
 7 1 3
   |  
   |  
   |  
   V  
 6 4 2
 5 8 0 cost = 8 + 7 = 15
 7 1 3
   |  
   |  
   |  
   V  
 6 4 2
 5 0 8 cost = 9 + 7 = 16
 7 1 3
   |  
   |  
   |  
   V  
 6 4 2
 5 1 8 cost = 10 + 7 = 17
 7 0 3
   |  
   |  
   |  
   V  
 6 4 2
 5 1 8 cost = 11 + 7 = 18
 7 3 0
   |  
   |  
   |  
   V  
 6 4 2
 5 1 0 cost = 12 + 6 = 18
 7 3 8
   |  
   |  
   |  
   V  
 6 4 0
 5 1 2 cost = 13 + 7 = 20
 7 3 8
   |  
   |  
   |  
   V  
 6 0 4
 5 1 2 cost = 14 + 7 = 21
 7 3 8
   |  
   |  
   |  
   V  
 6 1 4
 5 0 2 cost = 15 + 6 = 21
 7 3 8
   |  
   |  
   |  
   V  
 6 1 4
 0 5 2 cost = 16 + 6 = 22
 7 3 8
   |  
   |  
   |  
   V  
 0 1 4
 6 5 2 cost = 17 + 6 = 23
 7 3 8
   |  
   |  
   |  
   V  
 1 0 4
 6 5 2 cost = 18 + 7 = 25
 7 3 8
   |  
   |  
   |  
   V  
 1 4 0
 6 5 2 cost = 19 + 7 = 26
 7 3 8
   |  
   |  
   |  
   V  
 1 4 2
 6 5 0 cost = 20 + 6 = 26
 7 3 8
   |  
   |  
   |  
   V  
 1 4 2
 6 0 5 cost = 21 + 5 = 26
 7 3 8
   |  
   |  
   |  
   V  
 1 4 2
 6 3 5 cost = 22 + 5 = 27
 7 0 8
   |  
   |  
   |  
   V  
 1 4 2
 6 3 5 cost = 23 + 4 = 27
 0 7 8
   |  
   |  
   |  
   V  
 1 4 2
 0 3 5 cost = 24 + 3 = 27
 6 7 8
   |  
   |  
   |  
   V  
 1 4 2
 3 0 5 cost = 25 + 2 = 27
 6 7 8
   |  
   |  
   |  
   V  
 1 0 2
 3 4 5 cost = 26 + 1 = 27
 6 7 8
   |  
   |  
   |  
   V  
 0 1 2
 3 4 5 cost = 27 + 0 = 27
 6 7 8
--------------------


--------------------
 7 3 1
 8 5 6 cost = 0 + 8 = 8
 0 2 4
   |  
   |  
   |  
   V  
 7 3 1
 0 5 6 cost = 1 + 8 = 9
 8 2 4
   |  
   |  
   |  
   V  
 0 3 1
 7 5 6 cost = 2 + 8 = 10
 8 2 4
   |  
   |  
   |  
   V  
 3 0 1
 7 5 6 cost = 3 + 8 = 11
 8 2 4
   |  
   |  
   |  
   V  
 3 5 1
 7 0 6 cost = 4 + 8 = 12
 8 2 4
   |  
   |  
   |  
   V  
 3 5 1
 7 6 0 cost = 5 + 8 = 13
 8 2 4
   |  
   |  
   |  
   V  
 3 5 1
 7 6 4 cost = 6 + 8 = 14
 8 2 0
   |  
   |  
   |  
   V  
 3 5 1
 7 6 4 cost = 7 + 8 = 15
 8 0 2
   |  
   |  
   |  
   V  
 3 5 1
 7 6 4 cost = 8 + 8 = 16
 0 8 2
   |  
   |  
   |  
   V  
 3 5 1
 0 6 4 cost = 9 + 8 = 17
 7 8 2
   |  
   |  
   |  
   V  
 3 5 1
 6 0 4 cost = 10 + 8 = 18
 7 8 2
   |  
   |  
   |  
   V  
 3 5 1
 6 4 0 cost = 11 + 7 = 18
 7 8 2
   |  
   |  
   |  
   V  
 3 5 1
 6 4 2 cost = 12 + 7 = 19
 7 8 0
   |  
   |  
   |  
   V  
 3 5 1
 6 4 2 cost = 13 + 6 = 19
 7 0 8
   |  
   |  
   |  
   V  
 3 5 1
 6 4 2 cost = 14 + 5 = 19
 0 7 8
   |  
   |  
   |  
   V  
 3 5 1
 0 4 2 cost = 15 + 4 = 19
 6 7 8
   |  
   |  
   |  
   V  
 3 5 1
 4 0 2 cost = 16 + 5 = 21
 6 7 8
   |  
   |  
   |  
   V  
 3 0 1
 4 5 2 cost = 17 + 5 = 22
 6 7 8
   |  
   |  
   |  
   V  
 3 1 0
 4 5 2 cost = 18 + 4 = 22
 6 7 8
   |  
   |  
   |  
   V  
 3 1 2
 4 5 0 cost = 19 + 3 = 22
 6 7 8
   |  
   |  
   |  
   V  
 3 1 2
 4 0 5 cost = 20 + 2 = 22
 6 7 8
   |  
   |  
   |  
   V  
 3 1 2
 0 4 5 cost = 21 + 1 = 22
 6 7 8
   |  
   |  
   |  
   V  
 0 1 2
 3 4 5 cost = 22 + 0 = 22
 6 7 8
--------------------

