
--------------------
 5 7 4
 8 2 6 cost = 0 + 8 = 8
 3 1 0
   |  
   |  
   |  
   V  
 5 7 4
 8 2 0 cost = 1 + 8 = 9
 3 1 6
   |  
   |  
   |  
   V  
 5 7 4
 8 0 2 cost = 2 + 8 = 10
 3 1 6
   |  
   |  
   |  
   V  
 5 0 4
 8 7 2 cost = 3 + 8 = 11
 3 1 6
   |  
   |  
   |  
   V  
 5 4 0
 8 7 2 cost = 4 + 8 = 12
 3 1 6
   |  
   |  
   |  
   V  
 5 4 2
 8 7 0 cost = 5 + 7 = 12
 3 1 6
   |  
   |  
   |  
   V  
 5 4 2
 8 0 7 cost = 6 + 7 = 13
 3 1 6
   |  
   |  
   |  
   V  
 5 4 2
 8 1 7 cost = 7 + 7 = 14
 3 0 6
   |  
   |  
   |  
   V  
 5 4 2
 8 1 7 cost = 8 + 7 = 15
 3 6 0
   |  
   |  
   |  
   V  
 5 4 2
 8 1 0 cost = 9 + 7 = 16
 3 6 7
   |  
   |  
   |  
   V  
 5 4 0
 8 1 2 cost = 10 + 8 = 18
 3 6 7
   |  
   |  
   |  
   V  
 5 0 4
 8 1 2 cost = 11 + 8 = 19
 3 6 7
   |  
   |  
   |  
   V  
 5 1 4
 8 0 2 cost = 12 + 7 = 19
 3 6 7
   |  
   |  
   |  
   V  
 5 1 4
 0 8 2 cost = 13 + 7 = 20
 3 6 7
   |  
   |  
   |  
   V  
 0 1 4
 5 8 2 cost = 14 + 7 = 21
 3 6 7
   |  
   |  
   |  
   V  
 1 0 4
 5 8 2 cost = 15 + 8 = 23
 3 6 7
   |  
   |  
   |  
   V  
 1 4 0
 5 8 2 cost = 16 + 8 = 24
 3 6 7
   |  
   |  
   |  
   V  
 1 4 2
 5 8 0 cost = 17 + 7 = 24
 3 6 7
   |  
   |  
   |  
   V  
 1 4 2
 5 0 8 cost = 18 + 7 = 25
 3 6 7
   |  
   |  
   |  
   V  
 1 4 2
 0 5 8 cost = 19 + 7 = 26
 3 6 7
   |  
   |  
   |  
   V  
 1 4 2
 3 5 8 cost = 20 + 6 = 26
 0 6 7
   |  
   |  
   |  
   V  
 1 4 2
 3 5 8 cost = 21 + 5 = 26
 6 0 7
   |  
   |  
   |  
   V  
 1 4 2
 3 5 8 cost = 22 + 4 = 26
 6 7 0
   |  
   |  
   |  
   V  
 1 4 2
 3 5 0 cost = 23 + 3 = 26
 6 7 8
   |  
   |  
   |  
   V  
 1 4 2
 3 0 5 cost = 24 + 2 = 26
 6 7 8
   |  
   |  
   |  
   V  
 1 0 2
 3 4 5 cost = 25 + 1 = 26
 6 7 8
   |  
   |  
   |  
   V  
 0 1 2
 3 4 5 cost = 26 + 0 = 26
 6 7 8
--------------------


--------------------
 5 7 4
 8 2 6 cost = 0 + 18 = 18
 3 1 0
   |  
   |  
   |  
   V  
 5 7 4
 8 2 6 cost = 1 + 19 = 20
 3 0 1
   |  
   |  
   |  
   V  
 5 7 4
 8 0 6 cost = 2 + 20 = 22
 3 2 1
   |  
   |  
   |  
   V  
 5 7 4
 8 6 0 cost = 3 + 19 = 22
 3 2 1
   |  
   |  
   |  
   V  
 5 7 4
 8 6 1 cost = 4 + 18 = 22
 3 2 0
   |  
   |  
   |  
   V  
 5 7 4
 8 6 1 cost = 5 + 17 = 22
 3 0 2
   |  
   |  
   |  
   V  
 5 7 4
 8 0 1 cost = 6 + 16 = 22
 3 6 2
   |  
   |  
   |  
   V  
 5 7 4
 0 8 1 cost = 7 + 15 = 22
 3 6 2
   |  
   |  
   |  
   V  
 5 7 4
 3 8 1 cost = 8 + 14 = 22
 0 6 2
   |  
   |  
   |  
   V  
 5 7 4
 3 8 1 cost = 9 + 13 = 22
 6 0 2
   |  
   |  
   |  
   V  
 5 7 4
 3 0 1 cost = 10 + 12 = 22
 6 8 2
   |  
   |  
   |  
   V  
 5 0 4
 3 7 1 cost = 11 + 11 = 22
 6 8 2
   |  
   |  
   |  
   V  
 5 4 0
 3 7 1 cost = 12 + 10 = 22
 6 8 2
   |  
   |  
   |  
   V  
 5 4 1
 3 7 0 cost = 13 + 9 = 22
 6 8 2
   |  
   |  
   |  
   V  
 5 4 1
 3 7 2 cost = 14 + 8 = 22
 6 8 0
   |  
   |  
   |  
   V  
 5 4 1
 3 7 2 cost = 15 + 7 = 22
 6 0 8
   |  
   |  
   |  
   V  
 5 4 1
 3 0 2 cost = 16 + 6 = 22
 6 7 8
   |  
   |  
   |  
   V  
 5 0 1
 3 4 2 cost = 17 + 5 = 22
 6 7 8
   |  
   |  
   |  
   V  
 0 5 1
 3 4 2 cost = 18 + 4 = 22
 6 7 8
   |  
   |  
   |  
   V  
 3 5 1
 0 4 2 cost = 19 + 5 = 24
 6 7 8
   |  
   |  
   |  
   V  
 3 5 1
 4 0 2 cost = 20 + 6 = 26
 6 7 8
   |  
   |  
   |  
   V  
 3 0 1
 4 5 2 cost = 21 + 5 = 26
 6 7 8
   |  
   |  
   |  
   V  
 3 1 0
 4 5 2 cost = 22 + 4 = 26
 6 7 8
   |  
   |  
   |  
   V  
 3 1 2
 4 5 0 cost = 23 + 3 = 26
 6 7 8
   |  
   |  
   |  
   V  
 3 1 2
 4 0 5 cost = 24 + 2 = 26
 6 7 8
   |  
   |  
   |  
   V  
 3 1 2
 0 4 5 cost = 25 + 1 = 26
 6 7 8
   |  
   |  
   |  
   V  
 0 1 2
 3 4 5 cost = 26 + 0 = 26
 6 7 8
--------------------


--------------------
 5 7 4
 8 2 6 cost = 0 + 8 = 8
 3 1 0
   |  
   |  
   |  
   V  
 5 7 4
 8 2 0 cost = 1 + 8 = 9
 3 1 6
   |  
   |  
   |  
   V  
 5 7 4
 8 0 2 cost = 2 + 8 = 10
 3 1 6
   |  
   |  
   |  
   V  
 5 0 4
 8 7 2 cost = 3 + 8 = 11
 3 1 6
   |  
   |  
   |  
   V  
 5 4 0
 8 7 2 cost = 4 + 8 = 12
 3 1 6
   |  
   |  
   |  
   V  
 5 4 2
 8 7 0 cost = 5 + 7 = 12
 3 1 6
   |  
   |  
   |  
   V  
 5 4 2
 8 0 7 cost = 6 + 7 = 13
 3 1 6
   |  
   |  
   |  
   V  
 5 4 2
 8 1 7 cost = 7 + 7 = 14
 3 0 6
   |  
   |  
   |  
   V  
 5 4 2
 8 1 7 cost = 8 + 7 = 15
 3 6 0
   |  
   |  
   |  
   V  
 5 4 2
 8 1 0 cost = 9 + 7 = 16
 3 6 7
   |  
   |  
   |  
   V  
 5 4 0
 8 1 2 cost = 10 + 8 = 18
 3 6 7
   |  
   |  
   |  
   V  
 5 0 4
 8 1 2 cost = 11 + 8 = 19
 3 6 7
   |  
   |  
   |  
   V  
 5 1 4
 8 0 2 cost = 12 + 7 = 19
 3 6 7
   |  
   |  
   |  
   V  
 5 1 4
 0 8 2 cost = 13 + 7 = 20
 3 6 7
   |  
   |  
   |  
   V  
 0 1 4
 5 8 2 cost = 14 + 7 = 21
 3 6 7
   |  
   |  
   |  
   V  
 1 0 4
 5 8 2 cost = 15 + 8 = 23
 3 6 7
   |  
   |  
   |  
   V  
 1 4 0
 5 8 2 cost = 16 + 8 = 24
 3 6 7
   |  
   |  
   |  
   V  
 1 4 2
 5 8 0 cost = 17 + 7 = 24
 3 6 7
   |  
   |  
   |  
   V  
 1 4 2
 5 0 8 cost = 18 + 7 = 25
 3 6 7
   |  
   |  
   |  
   V  
 1 4 2
 0 5 8 cost = 19 + 7 = 26
 3 6 7
   |  
   |  
   |  
   V  
 1 4 2
 3 5 8 cost = 20 + 6 = 26
 0 6 7
   |  
   |  
   |  
   V  
 1 4 2
 3 5 8 cost = 21 + 5 = 26
 6 0 7
   |  
   |  
   |  
   V  
 1 4 2
 3 5 8 cost = 22 + 4 = 26
 6 7 0
   |  
   |  
   |  
   V  
 1 4 2
 3 5 0 cost = 23 + 3 = 26
 6 7 8
   |  
   |  
   |  
   V  
 1 4 2
 3 0 5 cost = 24 + 2 = 26
 6 7 8
   |  
   |  
   |  
   V  
 1 0 2
 3 4 5 cost = 25 + 1 = 26
 6 7 8
   |  
   |  
   |  
   V  
 0 1 2
 3 4 5 cost = 26 + 0 = 26
 6 7 8
--------------------


--------------------
 5 7 4
 8 2 6 cost = 0 + 18 = 18
 3 1 0
   |  
   |  
   |  
   V  
 5 7 4
 8 2 6 cost = 1 + 19 = 20
 3 0 1
   |  
   |  
   |  
   V  
 5 7 4
 8 0 6 cost = 2 + 20 = 22
 3 2 1
   |  
   |  
   |  
   V  
 5 7 4
 8 6 0 cost = 3 + 19 = 22
 3 2 1
   |  
   |  
   |  
   V  
 5 7 4
 8 6 1 cost = 4 + 18 = 22
 3 2 0
   |  
   |  
   |  
   V  
 5 7 4
 8 6 1 cost = 5 + 17 = 22
 3 0 2
   |  
   |  
   |  
   V  
 5 7 4
 8 0 1 cost = 6 + 16 = 22
 3 6 2
   |  
   |  
   |  
   V  
 5 7 4
 0 8 1 cost = 7 + 15 = 22
 3 6 2
   |  
   |  
   |  
   V  
 5 7 4
 3 8 1 cost = 8 + 14 = 22
 0 6 2
   |  
   |  
   |  
   V  
 5 7 4
 3 8 1 cost = 9 + 13 = 22
 6 0 2
   |  
   |  
   |  
   V  
 5 7 4
 3 0 1 cost = 10 + 12 = 22
 6 8 2
   |  
   |  
   |  
   V  
 5 0 4
 3 7 1 cost = 11 + 11 = 22
 6 8 2
   |  
   |  
   |  
   V  
 5 4 0
 3 7 1 cost = 12 + 10 = 22
 6 8 2
   |  
   |  
   |  
   V  
 5 4 1
 3 7 0 cost = 13 + 9 = 22
 6 8 2
   |  
   |  
   |  
   V  
 5 4 1
 3 7 2 cost = 14 + 8 = 22
 6 8 0
   |  
   |  
   |  
   V  
 5 4 1
 3 7 2 cost = 15 + 7 = 22
 6 0 8
   |  
   |  
   |  
   V  
 5 4 1
 3 0 2 cost = 16 + 6 = 22
 6 7 8
   |  
   |  
   |  
   V  
 5 0 1
 3 4 2 cost = 17 + 5 = 22
 6 7 8
   |  
   |  
   |  
   V  
 0 5 1
 3 4 2 cost = 18 + 4 = 22
 6 7 8
   |  
   |  
   |  
   V  
 3 5 1
 0 4 2 cost = 19 + 5 = 24
 6 7 8
   |  
   |  
   |  
   V  
 3 5 1
 4 0 2 cost = 20 + 6 = 26
 6 7 8
   |  
   |  
   |  
   V  
 3 0 1
 4 5 2 cost = 21 + 5 = 26
 6 7 8
   |  
   |  
   |  
   V  
 3 1 0
 4 5 2 cost = 22 + 4 = 26
 6 7 8
   |  
   |  
   |  
   V  
 3 1 2
 4 5 0 cost = 23 + 3 = 26
 6 7 8
   |  
   |  
   |  
   V  
 3 1 2
 4 0 5 cost = 24 + 2 = 26
 6 7 8
   |  
   |  
   |  
   V  
 3 1 2
 0 4 5 cost = 25 + 1 = 26
 6 7 8
   |  
   |  
   |  
   V  
 0 1 2
 3 4 5 cost = 26 + 0 = 26
 6 7 8
--------------------


--------------------
 5 7 4
 8 2 6 cost = 0 + 8 = 8
 3 1 0
   |  
   |  
   |  
   V  
 5 7 4
 8 2 0 cost = 1 + 8 = 9
 3 1 6
   |  
   |  
   |  
   V  
 5 7 4
 8 0 2 cost = 2 + 8 = 10
 3 1 6
   |  
   |  
   |  
   V  
 5 0 4
 8 7 2 cost = 3 + 8 = 11
 3 1 6
   |  
   |  
   |  
   V  
 5 4 0
 8 7 2 cost = 4 + 8 = 12
 3 1 6
   |  
   |  
   |  
   V  
 5 4 2
 8 7 0 cost = 5 + 7 = 12
 3 1 6
   |  
   |  
   |  
   V  
 5 4 2
 8 0 7 cost = 6 + 7 = 13
 3 1 6
   |  
   |  
   |  
   V  
 5 4 2
 8 1 7 cost = 7 + 7 = 14
 3 0 6
   |  
   |  
   |  
   V  
 5 4 2
 8 1 7 cost = 8 + 7 = 15
 3 6 0
   |  
   |  
   |  
   V  
 5 4 2
 8 1 0 cost = 9 + 7 = 16
 3 6 7
   |  
   |  
   |  
   V  
 5 4 0
 8 1 2 cost = 10 + 8 = 18
 3 6 7
   |  
   |  
   |  
   V  
 5 0 4
 8 1 2 cost = 11 + 8 = 19
 3 6 7
   |  
   |  
   |  
   V  
 5 1 4
 8 0 2 cost = 12 + 7 = 19
 3 6 7
   |  
   |  
   |  
   V  
 5 1 4
 0 8 2 cost = 13 + 7 = 20
 3 6 7
   |  
   |  
   |  
   V  
 0 1 4
 5 8 2 cost = 14 + 7 = 21
 3 6 7
   |  
   |  
   |  
   V  
 1 0 4
 5 8 2 cost = 15 + 8 = 23
 3 6 7
   |  
   |  
   |  
   V  
 1 4 0
 5 8 2 cost = 16 + 8 = 24
 3 6 7
   |  
   |  
   |  
   V  
 1 4 2
 5 8 0 cost = 17 + 7 = 24
 3 6 7
   |  
   |  
   |  
   V  
 1 4 2
 5 0 8 cost = 18 + 7 = 25
 3 6 7
   |  
   |  
   |  
   V  
 1 4 2
 0 5 8 cost = 19 + 7 = 26
 3 6 7
   |  
   |  
   |  
   V  
 1 4 2
 3 5 8 cost = 20 + 6 = 26
 0 6 7
   |  
   |  
   |  
   V  
 1 4 2
 3 5 8 cost = 21 + 5 = 26
 6 0 7
   |  
   |  
   |  
   V  
 1 4 2
 3 5 8 cost = 22 + 4 = 26
 6 7 0
   |  
   |  
   |  
   V  
 1 4 2
 3 5 0 cost = 23 + 3 = 26
 6 7 8
   |  
   |  
   |  
   V  
 1 4 2
 3 0 5 cost = 24 + 2 = 26
 6 7 8
   |  
   |  
   |  
   V  
 1 0 2
 3 4 5 cost = 25 + 1 = 26
 6 7 8
   |  
   |  
   |  
   V  
 0 1 2
 3 4 5 cost = 26 + 0 = 26
 6 7 8
--------------------

